xviii PROLEGOMENA [gg 21—24

last. Odes 1. 1. 8, 1. 1. 9, 1. 1. 10, 1. 1. 20, 1. 1. 3ο (1), 1. 2. 3, 1. 2. 18, 1. 3. 5, 6,
1. 3. 39, 1.4. 4, 1. 4. 13, 1. 5. 2, 1. 5. 4, 1. 7. 32, 1. 8. 3, 4, 1. 18. 16, 1.9. 1,
1. 9. 12, 1. 9. 20, 1.1ο. 7, 1.11. 2,3, 1. 12.39, 1. 13. 9, 10, 1. 13.18, 1. 15. 5, 1. 15. 7,
. 16. 4 (1), 1. 16. 9, 10, 1. 16. 16 (1), 1. 16.18‚ 1. 17.2‚ 3, 1.17.8, 1. 17. 12, 1. 17. 26,
. 20. 10, 11, 1. 21. 1, 1. 21. 6, 1. 21. 9,1. 22. 5 (1), 1. 22. 7, 1. 22. 10, 1. 22. 11 (1),
. 22. 14, 1. 22. 18, 1. 24. 8, 1. 24. 11, 1. 25. 1 (compare 1. 25. 19, 20), 1. 25. 5 (Ρ),
. 25. 7, 1. 26. 7, 1. 26. 9,1.26.11‚ 1. 26. 12, 1. 27. 4, 1. 27. 6, 1.27.8(l), 1. 27. 13,
. 27. 15, 1. 28. 5, 6, 1. 28. 13(1), 1.28. 17, 1. 28. 26, 1. 28. 33(1), 1. 29.9 (1), 1.30. 3,
· 31· Ι, 1· 3¹· 2, 3, 1-31· 72 1· 33· ²2 3, 1· 33· 4, ¹· 33- 6,1’-34-7, Ι· 35-2, 1·35· 1²,
. 35. 19 (l), 1. 36. 14, 1. 36. 17 (Ρ), 1. 36. 18, 1. 37. 25, 1. 37. 26, 2. 1. 12, 2. 1. 16,
. 1. 19, 2. 1. 34, 2. 2. 3, 4, 2. 2. 9, 10, 2. 4. 16 (l), 2. 5. 6, 7, 2. 5. 22 (Ρ), 2. 6. 2 (1),

9. 24, 2. 10. 18, 2. 12. 8, 2. 12. 9, 2. 12. 25, 2. 13.40, 2. 14. 8‚9, 2. 14.12, 2. 15.9, 10,
. 15. 17, 2. 15. 20, 2.16. 3, 2.16. 9, 2. 16. 26, 27, 2. 16. 36, 37, 2. 16. 39, 2. 17. 1 (1),
. 17. 8, 2. 17. 9, 2.17. 11, 2. 17.18(1), 2. 17432, 2. 18. 31, 2. 19. 10, 11, 2. 19. 19(1),
.20. 8, 2. 20. 10, 2. 20. 18, 2. 20. 19, 3. 1. 19, 3. 1. 26, 3.1. 47 (1), 3. 2. 5, 3. 2. 14,
. 2. 18, 3. 2. 23, 3. 2. 27, 3. 3. 4(1), 3. 3. 10 (1), 3. 3. 12, 3. 3. 13, 3. 3. 25, 3. 3. 33,
. 3. 45, 3. 3. 69, 3. 3. 72 (1), 3. 4. 6, 3. 4. 21, 22, 3. 4. 24, 3. 4. 40, 3. 4. 44 (1),
· 4· 74, 75, 3· 5· 48, 3· 6· 10, 3- 6· 24, 3- 6· 25, 3· 6· 35, 36, 3· 7· 14, 3· 7- 28·
. 8.19, 20, 3. 8. 23, 3. 9. 17, 3.9. 18 (l), 3. 9.19, 3. 10. 12, 3. 11. 7, 8, 3. 11.21, 22 (1),
11. 27 (1), 3. 11. 31, 32, 3. 11. 39, 3. 11. 45, 3. 13. 16 (1), 3. 14. 2, 3. 14. 11,
. 14. 13, 14, 3. 14. 18, 3. 14. 26 (1), 3. 16. 9, 3. 16. 16, 3. 16. 19, 3. 16.27, 3. 17. 13,
,18, 7, 3. 18. 10 (1), 3. 19. 8, 3. 19. 11, 12, 3. 19. 13 (1), 3. 19. 27, 3. 20. 1, 3. 20. 6,
. 20. 10 (1), 3. 2ο.13, 3. 20. 15, 16, 3. 21. 9, 1ο, 3. 21. 21, 3. 21. 23,3.23.5, 3.23. 9,
. 24. 16, 3. 24. 20, 3. 24. 26 (1), 3. 24. 57, 3. 24. 63, 3. 25. 5, 3. 27. 9, 3. 27. 17,
27. 19, 3. 27. 21, 22, 3. 27. 41 (1), 3. 27. 43, 3. 27. 53, 3. 27. 62, 63 (1), 3. 27. 74,
,28. 11, 3. 28. 14, 3. 28. 15, 3. 29. 7, 3. 29. 9, 3. 29. 16, 3. 29. 20 (1), 3. 29. 4ο, 41,
,29. 53, 3. 30. 7, 3. 3ο. 10, 3. 30. 11, 3. 3ο. 13, 4. 1. 12 (1), 4. 1. 22 (Ρ), 4. 2.6, 4. 2. 17,
- 2· 23, 24, 4229· 4·2·45 (1), 4· 2· 54, 4· 2· 55, 4·3· 5 (1), 4· 3- 8, 4· 4· 8, 4· 4· 33 (1),
· 4· 41» 4· 4· 44· 4· 4· 62, 4· 4- 70 (l), 4· 5· 1², 4· 5· ¹9⁷ 4· 5- 22, 4· 5· 30, 4· 5· 34,
. 6.18‚ 19, 4. 6. 35, 4. 6. 39, 4. 7. 25, 26, 4. 8. 27, 4. 9.17, 4. 9. 22, 4. 9.29, 4. 9. 32,
. 9. 49, 4. 10. 5 (1), 4. 10. 8, 4. 11. 7,8, 4. 11.9, 4. 11. 19, 20, 4.11. 33, 34, 4. 1218,
. 12. 19 (1), 4. 13. 8, 4. 14. 5, 4. 14. 16 (1), 4. 14. 23, 24, 4. 14. 25, 4. 14. 26 (1),
14. 30 (l), 4. 14. 33, 4. 14.36, 4. 14. 38, 4. 14. 52, 4. 15. 6, 4.15. 12, 4. 15. 13, 14,
·15· 2ο, 4· 15- 22 (1), C· S· 5, 7, Ι3, 34, 43, 49 (1), 54, 63, 71,Ep0d. 1·14‚ 1· 23,
26 (Ρ), 1. 27 (Ρ), 1. 30, 2. 3 (1), 2.10, 2.1(), 2. 27(1), 2. 33, 2. 36, 2. 46, 2. 49, 2. 52,
3. 14 (1), 3. 21 (1), 5. 3, 5. 24 (1), 5. 43, 5. 60, 5. 76, 5. 83, 5. 90, 5. 92, 6. 10, 6. 12,
8. 15, 8.19,9. 13, 14 (1), 9. 28, 10. 23, 11. 15, 11. 28,12. 18,13. 5,13. 8,15. 4 (1),
15- 5, 15. 16, 15. 23, 16. 12,16. 28, 16. 29, 16. 35 (1), 16. 38, 16. 39, 16. 47, 16. 57,
16. 62, 17. 15, 17. 29, 17. 48, 17. 52, 17. 59 (1), 17. 61, 17. 70, 17. 72 (1), 17. 78 (l).
Add with intrusive adverb Odes 1. 13. 8, 1. 13. 14, 15. See too ἐξ 30, 31, 37.

§22. In almost all the above passages the separated adjectives have a special
significance3 but most of the examples in the C. S. seem to serve no purpose, and are
merely a metrical convenience. This is perhaps true of many cases where the adjectives
corne last.

§²3- It should be observed that in the examples cited at ἓ 21 the adjective and
noun are construed with the verb. Five passages viz. Odcs 1. 5. 2, 1. 22. 11, 1. 26. 4,
3. 14. 21, and 4. 9. 49 are somewhat different. For these see the notes ad loc.

ἓ 24. Similar to the cxamples in § 21 are those where the place of the verb is taken
by a participle, adjective, or adverb (compare also ἓ 14). The type is seen in Odes

ωῑῦιὺωξὸωων-ιν-ιηι-ιι-αι-ιιη

. 6. 9 (1), 2. 6.19,2ο, 2. 6. 21, 22, 2. 7. 16 (1), 2. 7. 23, 2. 8. 15, 2. 9. 12, 2. 9. 22, ’

